---------------------------------------------------------------------------------------
| label |  mnemocode |   LenMnemo |  operand_1 |  len_oper1 |  operand_2 |  len_oper2 | 
---------------------------------------------------------------------------------------
|     1 |          2 |          1 |          0 |          0 |          0 |          0 |
---------------------------------------------------------------------------------------
|     1 |          2 |          1 |          3 |          1 |          0 |          0 |
---------------------------------------------------------------------------------------
|     1 |          2 |          1 |          3 |          1 |          0 |          0 |
---------------------------------------------------------------------------------------
|     1 |          2 |          1 |          3 |          1 |          0 |          0 |
---------------------------------------------------------------------------------------
|     1 |          2 |          1 |          3 |          1 |          0 |          0 |
---------------------------------------------------------------------------------------
|     1 |          2 |          1 |          0 |          0 |          0 |          0 |
---------------------------------------------------------------------------------------
|     1 |          2 |          1 |          3 |          1 |          0 |          0 |
---------------------------------------------------------------------------------------
|     1 |          2 |          1 |          3 |          1 |          0 |          0 |
---------------------------------------------------------------------------------------
|     1 |          2 |          1 |          0 |          0 |          0 |          0 |
---------------------------------------------------------------------------------------
|     0 |          2 |          1 |          0 |          0 |          0 |          0 |
---------------------------------------------------------------------------------------
|     1 |          0 |          0 |          0 |          0 |          0 |          0 |
---------------------------------------------------------------------------------------
|     0 |          1 |          1 |          2 |          1 |          0 |          0 |
---------------------------------------------------------------------------------------
|     0 |          1 |          1 |          2 |          5 |          0 |          0 |
---------------------------------------------------------------------------------------
|     0 |          1 |          1 |          2 |          1 |          0 |          0 |
---------------------------------------------------------------------------------------
|     0 |          1 |          1 |          2 |          1 |          0 |          0 |
---------------------------------------------------------------------------------------
|     0 |          1 |          1 |          2 |          1 |          4 |          5 |
---------------------------------------------------------------------------------------
|     0 |          1 |          1 |          0 |          0 |          0 |          0 |
---------------------------------------------------------------------------------------
|     0 |          1 |          1 |          2 |          1 |          4 |          5 |
---------------------------------------------------------------------------------------
|     0 |          1 |          1 |          0 |          0 |          0 |          0 |
---------------------------------------------------------------------------------------
|     0 |          1 |          1 |          2 |          5 |          8 |          1 |
---------------------------------------------------------------------------------------
|     0 |          1 |          1 |          2 |          7 |         10 |          1 |
---------------------------------------------------------------------------------------
|     0 |          1 |          1 |          2 |          1 |          0 |          0 |
---------------------------------------------------------------------------------------
|     0 |          1 |          1 |          2 |          1 |          0 |          0 |
---------------------------------------------------------------------------------------
|     0 |          1 |          1 |          2 |          1 |          0 |          0 |
---------------------------------------------------------------------------------------
|     0 |          1 |          1 |          2 |          1 |          0 |          0 |
---------------------------------------------------------------------------------------
|     0 |          1 |          1 |          0 |          0 |          0 |          0 |
---------------------------------------------------------------------------------------
|     0 |          1 |          1 |          2 |          1 |          4 |          1 |
---------------------------------------------------------------------------------------
|     0 |          1 |          1 |          0 |          0 |          0 |          0 |
---------------------------------------------------------------------------------------
|     0 |          1 |          1 |          2 |          1 |          4 |          1 |
---------------------------------------------------------------------------------------
|     1 |          0 |          0 |          0 |          0 |          0 |          0 |
---------------------------------------------------------------------------------------
|     1 |          2 |          1 |          0 |          0 |          0 |          0 |
---------------------------------------------------------------------------------------
|     0 |          1 |          1 |          0 |          0 |          0 |          0 |
---------------------------------------------------------------------------------------
